{
 "cells": [
  {
   "cell_type": "markdown",
   "id": "e11d1980",
   "metadata": {},
   "source": [
    "En primer lugar, debemos obtener 7 activos del dataset del sp500 que verifiquen que en su matriz de correlación, no haya ningún término que en valor absoluto sea mayor que 0.6, excepto aquellos de la diagonal principal. Con esta restricción, nos aseguraremos cierta diversificación en nuestra cartera. Usamos para estudiar la correlación los rendimientos logarítmicos de los activos, debido a que son más cercanos a estacionarios en el tiempo que los precios, y presentan propiedades más interesantes desde el punto de vista matemático y estadístico que los rendimientos simples."
   ]
  },
  {
   "cell_type": "code",
   "execution_count": null,
   "id": "b1136d79",
   "metadata": {},
   "outputs": [
    {
     "name": "stderr",
     "output_type": "stream",
     "text": [
      "C:\\Users\\Tecnico\\AppData\\Local\\Temp\\ipykernel_13128\\2684487320.py:19: FutureWarning: YF.download() has changed argument auto_adjust default to True\n",
      "  data = yf.download(subsetTickers)\n",
      "[*********************100%***********************]  7 of 7 completed\n",
      "C:\\Users\\Tecnico\\AppData\\Local\\Temp\\ipykernel_13128\\2684487320.py:19: FutureWarning: YF.download() has changed argument auto_adjust default to True\n",
      "  data = yf.download(subsetTickers)\n",
      "[*********************100%***********************]  7 of 7 completed\n",
      "\n",
      "1 Failed download:\n",
      "['CTLT']: YFPricesMissingError('possibly delisted; no price data found  (period=1mo) (Yahoo error = \"No data found, symbol may be delisted\")')\n",
      "C:\\Users\\Tecnico\\AppData\\Local\\Temp\\ipykernel_13128\\2684487320.py:19: FutureWarning: YF.download() has changed argument auto_adjust default to True\n",
      "  data = yf.download(subsetTickers)\n",
      "[*********************100%***********************]  7 of 7 completed\n",
      "C:\\Users\\Tecnico\\AppData\\Local\\Temp\\ipykernel_13128\\2684487320.py:19: FutureWarning: YF.download() has changed argument auto_adjust default to True\n",
      "  data = yf.download(subsetTickers)\n",
      "[*********************100%***********************]  7 of 7 completed\n",
      "C:\\Users\\Tecnico\\AppData\\Local\\Temp\\ipykernel_13128\\2684487320.py:19: FutureWarning: YF.download() has changed argument auto_adjust default to True\n",
      "  data = yf.download(subsetTickers)\n",
      "[*********************100%***********************]  7 of 7 completed\n",
      "C:\\Users\\Tecnico\\AppData\\Local\\Temp\\ipykernel_13128\\2684487320.py:19: FutureWarning: YF.download() has changed argument auto_adjust default to True\n",
      "  data = yf.download(subsetTickers)\n",
      "[*********************100%***********************]  7 of 7 completed\n",
      "\n",
      "1 Failed download:\n",
      "['CTLT']: YFPricesMissingError('possibly delisted; no price data found  (period=1mo) (Yahoo error = \"No data found, symbol may be delisted\")')\n",
      "C:\\Users\\Tecnico\\AppData\\Local\\Temp\\ipykernel_13128\\2684487320.py:19: FutureWarning: YF.download() has changed argument auto_adjust default to True\n",
      "  data = yf.download(subsetTickers)\n",
      "[*********************100%***********************]  7 of 7 completed\n",
      "\n",
      "1 Failed download:\n",
      "['JNPR']: YFPricesMissingError('possibly delisted; no price data found  (period=1mo) (Yahoo error = \"No data found, symbol may be delisted\")')\n",
      "C:\\Users\\Tecnico\\AppData\\Local\\Temp\\ipykernel_13128\\2684487320.py:19: FutureWarning: YF.download() has changed argument auto_adjust default to True\n",
      "  data = yf.download(subsetTickers)\n",
      "[*********************100%***********************]  7 of 7 completed\n",
      "C:\\Users\\Tecnico\\AppData\\Local\\Temp\\ipykernel_13128\\2684487320.py:19: FutureWarning: YF.download() has changed argument auto_adjust default to True\n",
      "  data = yf.download(subsetTickers)\n",
      "[*********************100%***********************]  7 of 7 completed\n",
      "C:\\Users\\Tecnico\\AppData\\Local\\Temp\\ipykernel_13128\\2684487320.py:19: FutureWarning: YF.download() has changed argument auto_adjust default to True\n",
      "  data = yf.download(subsetTickers)\n",
      "[*********************100%***********************]  7 of 7 completed\n",
      "\n",
      "1 Failed download:\n",
      "['JNPR']: YFPricesMissingError('possibly delisted; no price data found  (period=1mo) (Yahoo error = \"No data found, symbol may be delisted\")')\n",
      "C:\\Users\\Tecnico\\AppData\\Local\\Temp\\ipykernel_13128\\2684487320.py:19: FutureWarning: YF.download() has changed argument auto_adjust default to True\n",
      "  data = yf.download(subsetTickers)\n",
      "[*********************100%***********************]  7 of 7 completed\n",
      "C:\\Users\\Tecnico\\AppData\\Local\\Temp\\ipykernel_13128\\2684487320.py:19: FutureWarning: YF.download() has changed argument auto_adjust default to True\n",
      "  data = yf.download(subsetTickers)\n",
      "[*********************100%***********************]  7 of 7 completed\n",
      "C:\\Users\\Tecnico\\AppData\\Local\\Temp\\ipykernel_13128\\2684487320.py:19: FutureWarning: YF.download() has changed argument auto_adjust default to True\n",
      "  data = yf.download(subsetTickers)\n",
      "[*********************100%***********************]  7 of 7 completed\n",
      "C:\\Users\\Tecnico\\AppData\\Local\\Temp\\ipykernel_13128\\2684487320.py:19: FutureWarning: YF.download() has changed argument auto_adjust default to True\n",
      "  data = yf.download(subsetTickers)\n",
      "[*********************100%***********************]  7 of 7 completed"
     ]
    },
    {
     "name": "stdout",
     "output_type": "stream",
     "text": [
      "Ticker       ALB       ALL       BSX        FE        GL       HUM      NTAP\n",
      "Ticker                                                                      \n",
      "ALB     1.000000 -0.136292 -0.344071  0.122477  0.118135  0.543298 -0.173951\n",
      "ALL    -0.136292  1.000000  0.208766  0.199672  0.428425 -0.047404  0.243582\n",
      "BSX    -0.344071  0.208766  1.000000  0.107008  0.238023  0.065729  0.232420\n",
      "FE      0.122477  0.199672  0.107008  1.000000  0.583364  0.057897  0.093977\n",
      "GL      0.118135  0.428425  0.238023  0.583364  1.000000  0.072320  0.249881\n",
      "HUM     0.543298 -0.047404  0.065729  0.057897  0.072320  1.000000 -0.044606\n",
      "NTAP   -0.173951  0.243582  0.232420  0.093977  0.249881 -0.044606  1.000000\n",
      "['Albemarle Corporation', 'Allstate', 'Boston Scientific', 'FirstEnergy', 'Globe Life', 'Humana', 'NetApp']\n"
     ]
    },
    {
     "name": "stderr",
     "output_type": "stream",
     "text": [
      "\n"
     ]
    }
   ],
   "source": [
    "import pandas as pd\n",
    "import yfinance as yf\n",
    "import random\n",
    "import numpy as np\n",
    "import math\n",
    "import matplotlib.pyplot as plt\n",
    "\n",
    "numAssets = 7\n",
    "tickers = pd.read_csv(\"sp500.csv\")\n",
    "\n",
    "'''\n",
    "Función que calcula los rendimientos logarítmicos del histórico de precios\n",
    "de un conjunto de activos\n",
    "'''\n",
    "def generateSubsetClosePrices(subset=None,startDate=None,endDate=None):\n",
    "    #Si subset es nulo, querrá decir que queremos que se genere aleatoriamente un subconjunto de numAssets elementos de tickers\n",
    "    if subset is None:\n",
    "        subsetTickers = random.sample(tickers['Symbol'].tolist(),numAssets)\n",
    "    else:\n",
    "        subsetTickers = subset\n",
    "    #Si la fecha de comienzo y de final son no nulas, querrá decir que queremos que se acote el histórico de precios entre dichas fechas\n",
    "    if startDate is not None and endDate is not None:\n",
    "        data = yf.download(subsetTickers, start=startDate, end=endDate)\n",
    "    else:\n",
    "        data = yf.download(subsetTickers)\n",
    "    closePrices = data['Close']\n",
    "    '''\n",
    "    Si en el histórico de precios de cierre hay alguna columna con valor nulo para todas las fechas, querrá decir que no se tiene registro de dicha compañía,\n",
    "    y por lo tanto llamaremos de forma recursiva a la función\n",
    "    '''\n",
    "    if closePrices.isna().all().any():\n",
    "        generateSubsetClosePrices()\n",
    "    returns = np.log(closePrices).diff().dropna()\n",
    "    return returns,subsetTickers\n",
    "\n",
    "'''\n",
    "Función que comprueba si, dado un histórico de rendimientos para una serie de activos, su matriz de correlación correspondiente cumple las condiciones descritas\n",
    "anteriormente\n",
    "'''\n",
    "def checkConditionCorrMatrix(returns):\n",
    "    correlationMatrix = returns.corr()\n",
    "    correlationMatrixArray = correlationMatrix.to_numpy()\n",
    "    #Máscara que filtra por aquellos valores que no se encuentran en la diagonal principal\n",
    "    mask = ~np.eye(correlationMatrixArray.shape[0], dtype=bool)\n",
    "    condition = (abs(correlationMatrixArray[mask]) <= 0.6).all()\n",
    "    if(condition):\n",
    "        print(correlationMatrix)\n",
    "    return condition    \n",
    "\n",
    "returns,subsetTickers = generateSubsetClosePrices()\n",
    "while not checkConditionCorrMatrix(returns):\n",
    "    returns,subsetTickers = generateSubsetClosePrices()\n",
    "\n",
    "#Mostramos por pantalla el nombre de las compañías cuya matriz de correlación ha satisfecho las condiciones impuestas\n",
    "assetsName = tickers[tickers['Symbol'].isin(subsetTickers)]['Name'].tolist()\n",
    "print(assetsName)\n",
    "\n",
    "\n"
   ]
  },
  {
   "cell_type": "markdown",
   "id": "33a3fe4b",
   "metadata": {},
   "source": [
    "Una vez que hemos escogido los activos, debemos generar 100 carteras aleatorias a partir de ellos. Esto es equivalente a generar una matriz aleatoria de orden $100 \\times 7$ en nuestro caso. Sobre esta matriz es necesario imponer la restricción de que cada una de sus filas debe sumar exactamente 1. El método rand de numpy utiliza la distribución uniforme sobre el intervalo $[0,1]$, por lo que no tenemos garantizada esta restricción. Va a ser necesario por tanto normalizar por filas esta matriz, aunque no utilizando la norma estándar (la euclídea), sino la de la suma (valor absoluto de la suma de las componentes de la fila a normalizar, aunque como estamos trabajando en el intervalo $[0,1]$, podemos ignorar el valor absoluto)."
   ]
  },
  {
   "cell_type": "code",
   "execution_count": null,
   "id": "fda05de9",
   "metadata": {},
   "outputs": [
    {
     "name": "stdout",
     "output_type": "stream",
     "text": [
      "Cartera 1 ALL:0.12400507436881152 NTAP:0.14241968143470662 BSX:0.24918800538496802 HUM:0.27707909479438625 ALB:0.11171479865559654 FE:0.04072261519455055 GL:0.054870730166980484 \n",
      "Cartera 2 ALL:0.1910452315545404 NTAP:0.09627787490589199 BSX:0.05255813142440958 HUM:0.08187608368314278 ALB:0.22349765361583004 FE:0.10908378170139509 GL:0.2456612431147903 \n",
      "Cartera 3 ALL:0.13712169099273114 NTAP:0.20601912370870398 BSX:0.06625365401438771 HUM:0.2816493790021814 ALB:0.13940565080668804 FE:0.12338598025317087 GL:0.046164521222136885 \n",
      "Cartera 4 ALL:0.1777622804455492 NTAP:0.16632470937561677 BSX:0.13967095268600957 HUM:0.17751464817404958 ALB:0.1130403467915021 FE:0.1316018423439148 GL:0.09408522018335803 \n",
      "Cartera 5 ALL:0.16174386637680974 NTAP:0.04112592467394582 BSX:0.18465308264318267 HUM:0.003921663761232513 ALB:0.1442715473096455 FE:0.23459731759902008 GL:0.2296865976361637 \n",
      "Cartera 6 ALL:0.19951529478906316 NTAP:0.10164218400219403 BSX:0.19473475822690095 HUM:0.03097455747956935 ALB:0.08536811272705361 FE:0.20517953547184664 GL:0.18258555730337234 \n",
      "Cartera 7 ALL:0.1442556266442061 NTAP:0.2118378415394866 BSX:0.19388671093256138 HUM:0.09345071035211668 ALB:0.12694337812801923 FE:0.12475779881118133 GL:0.10486793359242856 \n",
      "Cartera 8 ALL:0.282497796963837 NTAP:0.14106360000612161 BSX:0.26700792624464054 HUM:0.029950278416294128 ALB:0.14311035452359916 FE:0.11536742407898021 GL:0.021002619766527446 \n",
      "Cartera 9 ALL:0.18005316032845955 NTAP:0.22658551589983156 BSX:0.07940288581232943 HUM:0.2479963242541529 ALB:0.13391362029974907 FE:0.11584065453809941 GL:0.01620783886737809 \n",
      "Cartera 10 ALL:0.23655516638846485 NTAP:0.2516630904421582 BSX:0.034385670326370556 HUM:0.03456030382216151 ALB:0.05927668901343943 FE:0.18595573813378083 GL:0.19760334187362455 \n",
      "Cartera 11 ALL:0.0825797243924385 NTAP:0.15974981368887742 BSX:0.03500475098546267 HUM:0.16408899455860487 ALB:0.209625015798902 FE:0.18485238208812393 GL:0.1640993184875907 \n",
      "Cartera 12 ALL:0.20213340432683619 NTAP:0.1569321391447229 BSX:0.16977617787777594 HUM:0.09986272276539655 ALB:0.08320762782965434 FE:0.16428618508838805 GL:0.1238017429672261 \n",
      "Cartera 13 ALL:0.10019289385625117 NTAP:0.1513451500685777 BSX:0.29373830250964866 HUM:0.13787514026855974 ALB:0.04717326751868961 FE:0.1344504179618902 GL:0.13522482781638295 \n",
      "Cartera 14 ALL:0.22777384503217957 NTAP:0.19417219733796495 BSX:0.20866496150522013 HUM:0.06445694125445402 ALB:0.19147281240787636 FE:0.00313084179875407 GL:0.11032840066355087 \n",
      "Cartera 15 ALL:0.19978131843061384 NTAP:0.023822712838721193 BSX:0.19920189545485453 HUM:0.09626555094863962 ALB:0.17730800652891945 FE:0.2576590520235446 GL:0.045961463774706765 \n",
      "Cartera 16 ALL:0.027568307633314595 NTAP:0.23376478033352618 BSX:0.04183331941616851 HUM:0.17456751597257522 ALB:0.27133563714863856 FE:0.14885143351779415 GL:0.10207900597798282 \n",
      "Cartera 17 ALL:0.1424548074147903 NTAP:0.0340244895844839 BSX:0.2259423140074513 HUM:0.005869401904317194 ALB:0.32074253443670914 FE:0.0635949936839376 GL:0.20737145896831066 \n",
      "Cartera 18 ALL:0.17780353091092432 NTAP:0.21805140527647612 BSX:0.11177514438812206 HUM:0.08994595238981547 ALB:0.10932968033491032 FE:0.19852700296040784 GL:0.09456728373934395 \n",
      "Cartera 19 ALL:0.19525347750099822 NTAP:0.0667915747084158 BSX:0.18008636437520267 HUM:0.15182298877379474 ALB:0.08108388793110184 FE:0.03593373149553418 GL:0.28902797521495255 \n",
      "Cartera 20 ALL:0.20270457390186852 NTAP:0.07231380850375876 BSX:0.10556714738073102 HUM:0.09247992498267524 ALB:0.20457950960540747 FE:0.13914746378383047 GL:0.18320757184172864 \n",
      "Cartera 21 ALL:0.1780516839069274 NTAP:0.08121909481632814 BSX:0.2014908239254788 HUM:0.09182155073579527 ALB:0.1910941841584083 FE:0.14987453679145238 GL:0.10644812566560968 \n",
      "Cartera 22 ALL:0.13602500558061179 NTAP:0.20775978759905372 BSX:0.15012098788723222 HUM:0.02917594476194909 ALB:0.21492842770104462 FE:0.07497862986809786 GL:0.18701121660201075 \n",
      "Cartera 23 ALL:0.10673555543912214 NTAP:0.1521661626129906 BSX:0.01154847512178382 HUM:0.19940164488603704 ALB:0.375990595346712 FE:0.018787646196021378 GL:0.13536992039733303 \n",
      "Cartera 24 ALL:0.04197785272969312 NTAP:0.20613200350954924 BSX:0.001435737792382689 HUM:0.1979579104239275 ALB:0.19535379305045492 FE:0.19455946750208294 GL:0.1625832349919095 \n",
      "Cartera 25 ALL:0.11118450026393746 NTAP:0.1916766366694751 BSX:0.079119426427474 HUM:0.2510125009201047 ALB:0.19127667543875976 FE:0.15877524991625297 GL:0.016955010363996208 \n",
      "Cartera 26 ALL:0.14405486439280152 NTAP:0.160462705899209 BSX:0.2326959984616195 HUM:0.11126130144354687 ALB:0.2599803361647406 FE:0.02259747076790084 GL:0.0689473228701815 \n",
      "Cartera 27 ALL:0.15303298807092994 NTAP:0.00533825292442418 BSX:0.2405186874111668 HUM:0.23945911184954452 ALB:0.11630378542146345 FE:0.20023309543467255 GL:0.04511407888779855 \n",
      "Cartera 28 ALL:0.0889570580957985 NTAP:0.1905755537358365 BSX:0.06039448540193703 HUM:0.4239533750351928 ALB:0.07165511073493609 FE:0.00010144636323185256 GL:0.1643629706330672 \n",
      "Cartera 29 ALL:0.035076019241852684 NTAP:0.1552424170533307 BSX:0.09737710399809535 HUM:0.28509980222689274 ALB:0.05359341027655479 FE:0.16512311100827612 GL:0.2084881361949975 \n",
      "Cartera 30 ALL:0.10955513479867383 NTAP:0.04449189168606659 BSX:0.18713801894053103 HUM:0.2188088864122049 ALB:0.1071131493201619 FE:0.19626882863035078 GL:0.13662409021201094 \n",
      "Cartera 31 ALL:0.2814821813727018 NTAP:0.051675257343012544 BSX:0.2750365383228097 HUM:0.24437982677608314 ALB:0.0014403251525687793 FE:0.0018665308734728573 GL:0.1441193401593512 \n",
      "Cartera 32 ALL:0.1014952418425095 NTAP:0.14419556764574804 BSX:0.2134561568882259 HUM:0.2514306937604019 ALB:0.258085072404138 FE:0.015514559486292092 GL:0.015822707972684466 \n",
      "Cartera 33 ALL:0.004904337529828538 NTAP:0.25583676123162513 BSX:0.23706771301518131 HUM:0.24158123007993798 ALB:0.017841598179640168 FE:0.2350569718042628 GL:0.007711388159524068 \n",
      "Cartera 34 ALL:0.08936363709021412 NTAP:0.10225401709815789 BSX:0.15105958368980332 HUM:0.002404372398499278 ALB:0.23584609078739968 FE:0.22725463717828365 GL:0.19181766175764192 \n",
      "Cartera 35 ALL:0.02153277308676854 NTAP:0.32903587740178913 BSX:0.0015027848230065063 HUM:0.07446191304510656 ALB:0.22555449726874627 FE:0.22943666858511025 GL:0.11847548578947278 \n",
      "Cartera 36 ALL:0.10580584260083896 NTAP:0.19795469504264723 BSX:0.08783092480043363 HUM:0.20257526112785598 ALB:0.17736077399390585 FE:0.12456786128407317 GL:0.10390464115024525 \n",
      "Cartera 37 ALL:0.11714555267965908 NTAP:0.23921346444371805 BSX:0.03931432742222729 HUM:0.29801869659435337 ALB:0.24194597784612087 FE:0.011613758150473347 GL:0.052748222863447936 \n",
      "Cartera 38 ALL:0.20949525824253826 NTAP:0.1530959417129679 BSX:0.1869250974141239 HUM:0.02344841020456871 ALB:0.13144405065856318 FE:0.12286898371482753 GL:0.1727222580524107 \n",
      "Cartera 39 ALL:0.15863678642685025 NTAP:0.06583870138274812 BSX:0.1775992775495791 HUM:0.24115372952850156 ALB:0.1473086526916861 FE:0.04284580377932318 GL:0.16661704864131163 \n",
      "Cartera 40 ALL:0.19007032727251094 NTAP:0.07498721183211761 BSX:0.18818480463588622 HUM:0.1751244911383133 ALB:0.10520778738025867 FE:0.10392544232167206 GL:0.16249993541924126 \n",
      "Cartera 41 ALL:0.1883268242352264 NTAP:0.01921784434942389 BSX:0.24077791208415483 HUM:0.27508785389275303 ALB:0.04271380116931659 FE:0.1622330675120844 GL:0.07164269675704067 \n",
      "Cartera 42 ALL:0.17936974722501492 NTAP:0.12094663667018549 BSX:0.3832654298875198 HUM:0.12987172569136068 ALB:0.006384196264539757 FE:0.048145802680616544 GL:0.13201646158076266 \n",
      "Cartera 43 ALL:0.15052224852618257 NTAP:0.13277533777651615 BSX:0.27178567511125806 HUM:0.17431161167890094 ALB:0.08937899213665475 FE:0.18042365164194224 GL:0.0008024831285453548 \n",
      "Cartera 44 ALL:0.1858111062671403 NTAP:0.29707395985092666 BSX:0.030846868236403806 HUM:0.07969306840859086 ALB:0.1264660828383031 FE:0.2529472787418961 GL:0.027161635656739163 \n",
      "Cartera 45 ALL:0.1499719577386908 NTAP:0.173890922588626 BSX:0.05159171508345582 HUM:0.16068559128413953 ALB:0.18925607237489736 FE:0.10715639840517006 GL:0.16744734252502053 \n",
      "Cartera 46 ALL:0.08962490907699595 NTAP:0.09503852988716707 BSX:0.1988836978509491 HUM:0.18051449558393223 ALB:0.19053078216879973 FE:0.17765672637376267 GL:0.06775085905839319 \n",
      "Cartera 47 ALL:0.12660460632538684 NTAP:0.21826609067911124 BSX:0.05089308681647533 HUM:0.1900078100894356 ALB:0.1421487656627343 FE:0.1623834658047239 GL:0.10969617462213295 \n",
      "Cartera 48 ALL:0.11579245674908671 NTAP:0.18470293490074843 BSX:0.1025076204410407 HUM:0.1682516288712233 ALB:0.1304189809262329 FE:0.23722151266611577 GL:0.06110486544555223 \n",
      "Cartera 49 ALL:0.3136402946992619 NTAP:0.027068431695505775 BSX:0.3086422314639023 HUM:0.022929564652575764 ALB:0.14377542665945114 FE:0.10096268123759172 GL:0.0829813695917115 \n",
      "Cartera 50 ALL:0.2938480162422791 NTAP:0.17312001694284854 BSX:0.11048573362290978 HUM:0.08288015341311593 ALB:0.12274728565733556 FE:0.036431336783896165 GL:0.1804874573376149 \n",
      "Cartera 51 ALL:0.07023313125666522 NTAP:0.316665422135827 BSX:0.3747209546487525 HUM:0.1142220746260238 ALB:0.03220772588105582 FE:0.08232469085596397 GL:0.00962600059571167 \n",
      "Cartera 52 ALL:0.033664020914010676 NTAP:0.2474760000294361 BSX:0.09966618533132997 HUM:0.07879334303515985 ALB:0.15654368570209412 FE:0.168227111721121 GL:0.21562965326684833 \n",
      "Cartera 53 ALL:0.016936812709604374 NTAP:0.2687721773569203 BSX:0.04083664387722376 HUM:0.09589763250677998 ALB:0.19558165321632975 FE:0.23511015428892498 GL:0.146864926044217 \n",
      "Cartera 54 ALL:0.12308080029274732 NTAP:0.08899535015998651 BSX:0.1266827558499758 HUM:0.08922899938212925 ALB:0.24418912727148182 FE:0.22551605343719508 GL:0.10230691360648439 \n",
      "Cartera 55 ALL:0.15770736192031212 NTAP:0.14689067155833294 BSX:0.041022019471584764 HUM:0.08686868564541651 ALB:0.220134160861635 FE:0.24067861742154464 GL:0.10669848312117404 \n",
      "Cartera 56 ALL:0.015713776422120126 NTAP:0.15100717802370406 BSX:0.17161030072020583 HUM:0.2183069265158554 ALB:0.18967684818102779 FE:0.23505919852288387 GL:0.018625771614202993 \n",
      "Cartera 57 ALL:0.06628829628435193 NTAP:0.19318489333720293 BSX:0.18619368967409625 HUM:0.19236538013310134 ALB:0.05553773217863624 FE:0.3048474972819025 GL:0.001582511110708924 \n",
      "Cartera 58 ALL:0.10868947369329363 NTAP:0.0636537064200367 BSX:0.16019314580536467 HUM:0.028151566652132736 ALB:0.22977830896595264 FE:0.18156473975710946 GL:0.22796905870611028 \n",
      "Cartera 59 ALL:0.07688525948249007 NTAP:0.26681832912931347 BSX:0.10499163157533246 HUM:0.08675041569812839 ALB:0.25747807754355084 FE:0.11746577874158189 GL:0.0896105078296029 \n",
      "Cartera 60 ALL:0.052527354513346995 NTAP:0.18314603777386868 BSX:0.1317836932013663 HUM:0.21916841411043933 ALB:0.14631685645542925 FE:0.11747002291270564 GL:0.1495876210328438 \n",
      "Cartera 61 ALL:0.0747616075522276 NTAP:0.19222999044820355 BSX:0.029361872401052567 HUM:0.22959956908191484 ALB:0.2210306772442855 FE:0.22085657353323354 GL:0.03215970973908257 \n",
      "Cartera 62 ALL:0.20981634942012886 NTAP:0.25357425175057663 BSX:0.20522539782168497 HUM:0.004862684781598616 ALB:0.16159983831948926 FE:0.12099291733961552 GL:0.043928560566906166 \n",
      "Cartera 63 ALL:0.07791846861393689 NTAP:0.19691137562421454 BSX:0.10530004015175286 HUM:0.1361138049896841 ALB:0.1689103500487043 FE:0.13105594066943133 GL:0.183790019902276 \n",
      "Cartera 64 ALL:0.08483104614083273 NTAP:0.1244433880079717 BSX:0.19886392105447878 HUM:0.0031722890592462117 ALB:0.1708024858061609 FE:0.16505130143079086 GL:0.25283556850051875 \n",
      "Cartera 65 ALL:0.13706371460348893 NTAP:0.03842157971576601 BSX:0.11418514335594161 HUM:0.28649016091099017 ALB:0.14428373418279622 FE:0.035505283325985355 GL:0.24405038390503161 \n",
      "Cartera 66 ALL:0.27833537336958936 NTAP:0.04182080367895277 BSX:0.01712649836940247 HUM:0.05764867434410809 ALB:0.2180090889969282 FE:0.13508300590207106 GL:0.25197655533894814 \n",
      "Cartera 67 ALL:0.06300744791160823 NTAP:0.11483092918036931 BSX:0.15523451397190816 HUM:0.06282884376065603 ALB:0.14394300337716856 FE:0.2572853027791125 GL:0.2028699590191773 \n",
      "Cartera 68 ALL:0.17165292919463795 NTAP:0.20397637460248982 BSX:0.03465705512649826 HUM:0.0017691532955917257 ALB:0.058040067430139855 FE:0.24335279278851632 GL:0.28655162756212615 \n",
      "Cartera 69 ALL:0.10748969782623354 NTAP:0.2350242580431684 BSX:0.27090955365037495 HUM:0.02997934984379926 ALB:0.021798230847290736 FE:0.2775994746339908 GL:0.05719943515514226 \n",
      "Cartera 70 ALL:0.10261972085204368 NTAP:0.15915878975030046 BSX:0.1854059123905968 HUM:0.1113528780303571 ALB:0.16079681203678609 FE:0.12953036855629252 GL:0.15113551838362344 \n",
      "Cartera 71 ALL:0.05472120553021296 NTAP:0.19641071622014353 BSX:0.05046157154119285 HUM:0.26015760325065534 ALB:0.022139422212916312 FE:0.27457098538491287 GL:0.1415384958599661 \n",
      "Cartera 72 ALL:0.14599094324483974 NTAP:0.19480730391236648 BSX:0.225266269410622 HUM:0.07233805248849763 ALB:0.2864603244229159 FE:0.0026983031991737127 GL:0.07243880332158457 \n",
      "Cartera 73 ALL:0.19485874075196227 NTAP:0.24976699453711432 BSX:0.0010808248572405196 HUM:0.2301691350291538 ALB:0.060750632262364185 FE:0.019633553431128777 GL:0.2437401191310361 \n",
      "Cartera 74 ALL:0.06283480296971986 NTAP:0.08158148539572242 BSX:0.19858786559627176 HUM:0.1358991084082059 ALB:0.17759280464445332 FE:0.13888732052573008 GL:0.20461661245989665 \n",
      "Cartera 75 ALL:0.009402334042654684 NTAP:0.24558298466739287 BSX:0.11727013816375668 HUM:0.16146538246429826 ALB:0.23970441378573545 FE:0.01478521343867935 GL:0.21178953343748272 \n",
      "Cartera 76 ALL:0.03802776328862315 NTAP:0.23284716567413324 BSX:0.13971963569476187 HUM:0.1580429225972116 ALB:0.11251615974675609 FE:0.12459866478725173 GL:0.19424768821126234 \n",
      "Cartera 77 ALL:0.08688686916285512 NTAP:0.2192901093441957 BSX:0.0785078635118859 HUM:0.10669702390791763 ALB:0.15594292090846013 FE:0.07311704597414088 GL:0.27955816719054466 \n",
      "Cartera 78 ALL:0.026004744574027003 NTAP:0.08281182899997873 BSX:0.24629003556124335 HUM:0.12913583854346566 ALB:0.026273635835264982 FE:0.24160716722367 GL:0.24787674926235023 \n",
      "Cartera 79 ALL:0.2400936990411402 NTAP:0.14708486255225886 BSX:0.0031669166946249566 HUM:0.019404451155336958 ALB:0.21674475820334707 FE:0.12909674524230944 GL:0.2444085671109826 \n",
      "Cartera 80 ALL:0.1839177998369618 NTAP:0.1211010239060692 BSX:0.12697903958126558 HUM:0.22961850771459985 ALB:0.2721267338410983 FE:0.015897249358554945 GL:0.0503596457614504 \n",
      "Cartera 81 ALL:0.005197110446916783 NTAP:0.3694178427357186 BSX:0.12188567841515596 HUM:0.09751434960107032 ALB:0.1800267191762625 FE:0.18816808325897147 GL:0.03779021636590432 \n",
      "Cartera 82 ALL:0.19323269946224947 NTAP:0.22062967024442476 BSX:0.09211282953647794 HUM:0.06061149164887411 ALB:0.2393752312826275 FE:0.15810009654990903 GL:0.03593798127543723 \n",
      "Cartera 83 ALL:0.24673845241364786 NTAP:0.13204325301372014 BSX:0.030632350011923014 HUM:0.10496646744280792 ALB:0.3698717770713687 FE:0.10811320367746637 GL:0.007634496369065955 \n",
      "Cartera 84 ALL:0.03300833209179926 NTAP:0.242937180822945 BSX:0.36961347180793663 HUM:0.1324792967556924 ALB:0.022038439907859062 FE:0.01318310113295253 GL:0.186740177480815 \n",
      "Cartera 85 ALL:0.15998285947604327 NTAP:0.08177946091654961 BSX:0.17041485661734648 HUM:0.10190864043913135 ALB:0.2128476740365891 FE:0.08316015622968184 GL:0.18990635228465824 \n",
      "Cartera 86 ALL:0.1505923059705749 NTAP:0.31682837763615407 BSX:0.12093991948109906 HUM:0.005593768130736283 ALB:0.23051715859893893 FE:0.0244098442643983 GL:0.15111862591809835 \n",
      "Cartera 87 ALL:0.18563884015047147 NTAP:0.04973758316270687 BSX:0.13476015484133275 HUM:0.05433430657611776 ALB:0.21951068926226405 FE:0.19241098460899597 GL:0.16360744139811112 \n",
      "Cartera 88 ALL:0.22120365937053976 NTAP:0.02099291665848373 BSX:0.16225561515487763 HUM:0.021949806110651813 ALB:0.1927319259042751 FE:0.10898151849176672 GL:0.2718845583094053 \n",
      "Cartera 89 ALL:0.07850569042948213 NTAP:0.09230117222657885 BSX:0.1679133338997079 HUM:0.07172046761765993 ALB:0.1539146452626575 FE:0.27473700958711855 GL:0.16090768097679503 \n",
      "Cartera 90 ALL:0.17975681314113998 NTAP:0.23608374181583147 BSX:0.025759290301143486 HUM:0.2575219171222715 ALB:0.13843733397077423 FE:0.1297430261061932 GL:0.032697877542646206 \n",
      "Cartera 91 ALL:0.12181702735526777 NTAP:0.12428977820107802 BSX:0.10218000375281618 HUM:0.16475696832844774 ALB:0.0343107243353904 FE:0.237660773046683 GL:0.21498472498031687 \n",
      "Cartera 92 ALL:0.15088102617739702 NTAP:0.12099987494897584 BSX:0.014359507672644253 HUM:0.0728421933500518 ALB:0.30557603226777175 FE:0.3097929491187774 GL:0.025548416464381923 \n",
      "Cartera 93 ALL:0.19518729736259258 NTAP:0.04418592422008106 BSX:0.1301968593093445 HUM:0.23489902609323507 ALB:0.06448163197234522 FE:0.3022607538979699 GL:0.028788507144431586 \n",
      "Cartera 94 ALL:0.035628835875931325 NTAP:0.26557625431356996 BSX:0.011357822031587842 HUM:0.2023913347882114 ALB:0.25226457079186143 FE:0.13339245770867722 GL:0.09938872449016066 \n",
      "Cartera 95 ALL:0.12155379080198851 NTAP:0.2821501031329734 BSX:0.13776910121087851 HUM:0.004687014743122245 ALB:0.05963045090265331 FE:0.12755107898183088 GL:0.2666584602265531 \n",
      "Cartera 96 ALL:0.2542163303205507 NTAP:0.1415981209482674 BSX:0.08380063433671069 HUM:0.11610961031245948 ALB:0.16302747309057017 FE:0.04405474432736808 GL:0.1971930866640735 \n",
      "Cartera 97 ALL:0.10141936632306664 NTAP:0.14898311793326377 BSX:0.08335501660903295 HUM:0.2067306100099621 ALB:0.04327529461313859 FE:0.2690125064533792 GL:0.14722408805815676 \n",
      "Cartera 98 ALL:0.014340226763023907 NTAP:0.16562610305890055 BSX:0.19893494332111825 HUM:0.03268427645009385 ALB:0.23643960979667786 FE:0.23828377313049798 GL:0.11369106747968745 \n",
      "Cartera 99 ALL:0.22240234812733542 NTAP:0.12795935096006084 BSX:0.15609907553793828 HUM:0.015428207877216967 ALB:0.07585686226250729 FE:0.29670064155921083 GL:0.1055535136757302 \n",
      "Cartera 100 ALL:0.16346913856401055 NTAP:0.029310404105593275 BSX:0.15299301036290835 HUM:0.13655801578717744 ALB:0.15362595169446897 FE:0.2516170289757085 GL:0.11242645051013311 \n"
     ]
    }
   ],
   "source": [
    "numPortfolios = 100\n",
    "weightMatrix = np.random.rand(numPortfolios,numAssets)\n",
    "sums = weightMatrix.sum(axis=1, keepdims=True)\n",
    "unitaryWeightMatrix = weightMatrix/sums\n",
    "\n",
    "\n",
    "for i in range(unitaryWeightMatrix.shape[0]):\n",
    "    text = \"Cartera \" + str(i + 1) + \" \"\n",
    "    for j in range(unitaryWeightMatrix.shape[1]):\n",
    "        text += subsetTickers[j] + \":\" + str(unitaryWeightMatrix[i][j]) + \" \"\n",
    "    print(text)\n"
   ]
  },
  {
   "cell_type": "markdown",
   "id": "0eb805c5",
   "metadata": {},
   "source": [
    "Veamos el rendimiento de las 100 carteras creadas en un escenario pasado, en este caso el período elegido ha sido el año 2024. En primer lugar, debemos ordenar el dataframe de rendimientos acorde al orden seguido para la generación de las carteras. Si denotamos por $numDias$ a la cantidad de fechas para las que tenemos datos, nuestro objetivo va a ser obtener un dataframe de orden $numDias \\times 100$, a partir del dataframe original de orden $numDias \\times 7$ y de la matriz de pesos normalizada de orden $100 \\times 7$, por lo que debemos trasponer esta segunda matriz y multiplicarla a la derecha de la primera. Las nuevas columnas serán cada una de las 100 carteras. Finalmente, se hace uso de la libería matplotlib para poder mostrar todos los gráficos dentro de un espacio razonable."
   ]
  },
  {
   "cell_type": "code",
   "execution_count": 16,
   "id": "1e47a300",
   "metadata": {},
   "outputs": [
    {
     "name": "stderr",
     "output_type": "stream",
     "text": [
      "C:\\Users\\Tecnico\\AppData\\Local\\Temp\\ipykernel_13128\\2684487320.py:17: FutureWarning: YF.download() has changed argument auto_adjust default to True\n",
      "  data = yf.download(subsetTickers, start=startDate, end=endDate)\n",
      "[*********************100%***********************]  7 of 7 completed\n"
     ]
    },
    {
     "data": {
